 0.00000000e+00  2.08653639e+00  0.00000000e+00  2.01215008e+00  0.00000000e+00  1.77935943e+00 
 5.00000000e-02  2.17446677e+00  5.00000000e-02  2.10232549e+00  5.00000000e-02  1.81156584e+00 
 1.00000000e-01  2.26239715e+00  1.00000000e-01  2.19250090e+00  1.00000000e-01  1.84377224e+00 
 1.50000000e-01  2.35032753e+00  1.50000000e-01  2.28267631e+00  1.50000000e-01  1.87597865e+00 
 2.00000000e-01  2.43825791e+00  2.00000000e-01  2.37285172e+00  2.00000000e-01  1.90818505e+00 
 2.50000000e-01  2.52618828e+00  2.50000000e-01  2.46302713e+00  2.50000000e-01  1.94039146e+00 
 3.00000000e-01  2.61411866e+00  3.00000000e-01  2.55320255e+00  3.00000000e-01  1.97259786e+00 
 3.50000000e-01  2.70204904e+00  3.50000000e-01  2.64337796e+00  3.50000000e-01  2.00480427e+00 
 4.00000000e-01  2.78997942e+00  4.00000000e-01  2.73355337e+00  4.00000000e-01  2.03701068e+00 
 4.50000000e-01  2.87790980e+00  4.50000000e-01  2.82372878e+00  4.50000000e-01  2.06921708e+00 
 5.00000000e-01  2.96584018e+00  5.00000000e-01  2.91390419e+00  5.00000000e-01  2.10142349e+00 
 5.50000000e-01  3.05377056e+00  5.50000000e-01  3.00407960e+00  5.50000000e-01  2.13362989e+00 
 6.00000000e-01  3.14170094e+00  6.00000000e-01  3.09425501e+00  6.00000000e-01  2.16583630e+00 
 6.50000000e-01  3.22963132e+00  6.50000000e-01  3.18443042e+00  6.50000000e-01  2.19804270e+00 
 7.00000000e-01  3.31756170e+00  7.00000000e-01  3.27460583e+00  7.00000000e-01  2.23024911e+00 
 7.50000000e-01  3.40549208e+00  7.50000000e-01  3.36478124e+00  7.50000000e-01  2.26245552e+00 
 8.00000000e-01  3.49342246e+00  8.00000000e-01  3.45495665e+00  8.00000000e-01  2.29466192e+00 
 8.50000000e-01  3.58135284e+00  8.50000000e-01  3.54513206e+00  8.50000000e-01  2.32686833e+00 
 9.00000000e-01  3.66928322e+00  9.00000000e-01  3.63530747e+00  9.00000000e-01  2.35907473e+00 
 9.50000000e-01  3.75721360e+00  9.50000000e-01  3.72548288e+00  9.50000000e-01  2.39128114e+00 
 1.00000000e+00  3.84514398e+00  1.00000000e+00  3.81565829e+00  1.00000000e+00  2.42348754e+00 
 1.05000000e+00  3.93307436e+00  1.05000000e+00  3.90583370e+00  1.05000000e+00  2.45569395e+00 
 1.10000000e+00  4.02100474e+00  1.10000000e+00  3.99600911e+00  1.10000000e+00  2.48790036e+00 
 1.15000000e+00  4.10893511e+00  1.15000000e+00  4.08618452e+00  1.15000000e+00  2.52010676e+00 
 1.20000000e+00  4.19686549e+00  1.20000000e+00  4.17635993e+00  1.20000000e+00  2.55231317e+00 
 1.25000000e+00  4.28479587e+00  1.25000000e+00  4.26653534e+00  1.25000000e+00  2.58451957e+00 
 1.30000000e+00  4.37272625e+00  1.30000000e+00  4.35671075e+00  1.30000000e+00  2.61672598e+00 
 1.35000000e+00  4.46065663e+00  1.35000000e+00  4.44688616e+00  1.35000000e+00  2.64893238e+00 
 1.40000000e+00  4.54858701e+00  1.40000000e+00  4.53706157e+00  1.40000000e+00  2.68113879e+00 
 1.45000000e+00  4.63651739e+00  1.45000000e+00  4.62723698e+00  1.45000000e+00  2.71334520e+00 
 1.50000000e+00  4.72444777e+00  1.50000000e+00  4.71741240e+00  1.50000000e+00  2.74555160e+00 
 1.55000000e+00  4.81237815e+00  1.55000000e+00  4.80758781e+00  1.55000000e+00  2.77775801e+00 
 1.60000000e+00  4.90030853e+00  1.60000000e+00  4.89776322e+00  1.60000000e+00  2.80996441e+00 
 1.65000000e+00  4.98823891e+00  1.65000000e+00  4.98793863e+00  1.65000000e+00  2.84217082e+00 
 1.70000000e+00  5.07616929e+00  1.70000000e+00  5.07811404e+00  1.70000000e+00  2.87437722e+00 
 1.75000000e+00  5.16409967e+00  1.75000000e+00  5.16828945e+00  1.75000000e+00  2.90658363e+00 
 1.80000000e+00  5.25203005e+00  1.80000000e+00  5.25846486e+00  1.80000000e+00  2.93879004e+00 
 1.85000000e+00  5.33996043e+00  1.85000000e+00  5.34864027e+00  1.85000000e+00  2.97099644e+00 
 1.90000000e+00  5.42789081e+00  1.90000000e+00  5.43881568e+00  1.90000000e+00  3.00320285e+00 
 1.95000000e+00  5.51582119e+00  1.95000000e+00  5.52899109e+00  1.95000000e+00  3.03540925e+00 
 2.00000000e+00  5.60375157e+00  2.00000000e+00  5.61916650e+00  2.00000000e+00  3.06761566e+00 
 2.05000000e+00  5.69168195e+00  2.05000000e+00  5.70934191e+00  2.05000000e+00  3.09982206e+00 
 2.10000000e+00  5.77961232e+00  2.10000000e+00  5.79951732e+00  2.10000000e+00  3.13202847e+00 
 2.15000000e+00  5.86754270e+00  2.15000000e+00  5.88969273e+00  2.15000000e+00  3.16423488e+00 
 2.20000000e+00  5.95547308e+00  2.20000000e+00  5.97986814e+00  2.20000000e+00  3.19644128e+00 
 2.25000000e+00  6.04340346e+00  2.25000000e+00  6.07004355e+00  2.25000000e+00  3.22864769e+00 
 2.30000000e+00  6.13133384e+00  2.30000000e+00  6.16021896e+00  2.30000000e+00  3.26085409e+00 
 2.35000000e+00  6.21926422e+00  2.35000000e+00  6.25039437e+00  2.35000000e+00  3.29306050e+00 
 2.40000000e+00  6.30719460e+00  2.40000000e+00  6.34056978e+00  2.40000000e+00  3.32526690e+00 
 2.45000000e+00  6.39512498e+00  2.45000000e+00  6.43074519e+00  2.45000000e+00  3.35747331e+00 
 2.50000000e+00  6.48305536e+00  2.50000000e+00  6.52092060e+00  2.50000000e+00  3.38967972e+00 
 2.55000000e+00  6.57098574e+00  2.55000000e+00  6.61109601e+00  2.55000000e+00  3.42188612e+00 
 2.60000000e+00  6.65891612e+00  2.60000000e+00  6.70127142e+00  2.60000000e+00  3.45409253e+00 
 2.65000000e+00  6.74684650e+00  2.65000000e+00  6.79144683e+00  2.65000000e+00  3.48629893e+00 
 2.70000000e+00  6.83477688e+00  2.70000000e+00  6.88162225e+00  2.70000000e+00  3.51850534e+00 
 2.75000000e+00  6.92270726e+00  2.75000000e+00  6.97179766e+00  2.75000000e+00  3.55071174e+00 
 2.80000000e+00  7.01063764e+00  2.80000000e+00  7.06197307e+00  2.80000000e+00  3.58291815e+00 
 2.85000000e+00  7.09856802e+00  2.85000000e+00  7.15214848e+00  2.85000000e+00  3.61512456e+00 
 2.90000000e+00  7.18649840e+00  2.90000000e+00  7.24232389e+00  2.90000000e+00  3.64733096e+00 
 2.95000000e+00  7.27442878e+00  2.95000000e+00  7.33249930e+00  2.95000000e+00  3.67953737e+00 
 3.00000000e+00  7.36235915e+00  3.00000000e+00  7.42267471e+00  3.00000000e+00  3.71174377e+00 
 3.05000000e+00  7.43705002e+00  3.05000000e+00  7.49927258e+00  3.05000000e+00  3.74395018e+00 
 3.10000000e+00  7.43705002e+00  3.10000000e+00  7.49927258e+00  3.10000000e+00  3.77615658e+00 
 3.15000000e+00  7.43705002e+00  3.15000000e+00  7.49927258e+00  3.15000000e+00  3.80836299e+00 
 3.20000000e+00  7.43705002e+00  3.20000000e+00  7.49927258e+00  3.20000000e+00  3.84056940e+00 
 3.25000000e+00  7.43705002e+00  3.25000000e+00  7.49927258e+00  3.25000000e+00  3.87277580e+00 
 3.30000000e+00  7.43705002e+00  3.30000000e+00  7.49927258e+00  3.30000000e+00  3.90498221e+00 
