 0.00000000e+00  1.93576987e+00  0.00000000e+00  1.85753421e+00  0.00000000e+00  1.72413793e+00 
 5.00000000e-02  2.02520792e+00  5.00000000e-02  1.94925578e+00  5.00000000e-02  1.75689655e+00 
 1.00000000e-01  2.11464596e+00  1.00000000e-01  2.04097735e+00  1.00000000e-01  1.78965517e+00 
 1.50000000e-01  2.20408401e+00  1.50000000e-01  2.13269892e+00  1.50000000e-01  1.82241379e+00 
 2.00000000e-01  2.29352205e+00  2.00000000e-01  2.22442049e+00  2.00000000e-01  1.85517241e+00 
 2.50000000e-01  2.38296009e+00  2.50000000e-01  2.31614205e+00  2.50000000e-01  1.88793103e+00 
 3.00000000e-01  2.47239814e+00  3.00000000e-01  2.40786362e+00  3.00000000e-01  1.92068966e+00 
 3.50000000e-01  2.56183618e+00  3.50000000e-01  2.49958519e+00  3.50000000e-01  1.95344828e+00 
 4.00000000e-01  2.65127422e+00  4.00000000e-01  2.59130676e+00  4.00000000e-01  1.98620690e+00 
 4.50000000e-01  2.74071227e+00  4.50000000e-01  2.68302833e+00  4.50000000e-01  2.01896552e+00 
 5.00000000e-01  2.83015031e+00  5.00000000e-01  2.77474989e+00  5.00000000e-01  2.05172414e+00 
 5.50000000e-01  2.91958836e+00  5.50000000e-01  2.86647146e+00  5.50000000e-01  2.08448276e+00 
 6.00000000e-01  3.00902640e+00  6.00000000e-01  2.95819303e+00  6.00000000e-01  2.11724138e+00 
 6.50000000e-01  3.09846444e+00  6.50000000e-01  3.04991460e+00  6.50000000e-01  2.15000000e+00 
 7.00000000e-01  3.18790249e+00  7.00000000e-01  3.14163617e+00  7.00000000e-01  2.18275862e+00 
 7.50000000e-01  3.27734053e+00  7.50000000e-01  3.23335774e+00  7.50000000e-01  2.21551724e+00 
 8.00000000e-01  3.36677858e+00  8.00000000e-01  3.32507930e+00  8.00000000e-01  2.24827586e+00 
 8.50000000e-01  3.45621662e+00  8.50000000e-01  3.41680087e+00  8.50000000e-01  2.28103448e+00 
 9.00000000e-01  3.54565466e+00  9.00000000e-01  3.50852244e+00  9.00000000e-01  2.31379310e+00 
 9.50000000e-01  3.63509271e+00  9.50000000e-01  3.60024401e+00  9.50000000e-01  2.34655172e+00 
 1.00000000e+00  3.72453075e+00  1.00000000e+00  3.69196558e+00  1.00000000e+00  2.37931034e+00 
 1.05000000e+00  3.81396879e+00  1.05000000e+00  3.78368715e+00  1.05000000e+00  2.41206897e+00 
 1.10000000e+00  3.90340684e+00  1.10000000e+00  3.87540871e+00  1.10000000e+00  2.44482759e+00 
 1.15000000e+00  3.99284488e+00  1.15000000e+00  3.96713028e+00  1.15000000e+00  2.47758621e+00 
 1.20000000e+00  4.08228293e+00  1.20000000e+00  4.05885185e+00  1.20000000e+00  2.51034483e+00 
 1.25000000e+00  4.17172097e+00  1.25000000e+00  4.15057342e+00  1.25000000e+00  2.54310345e+00 
 1.30000000e+00  4.26115901e+00  1.30000000e+00  4.24229499e+00  1.30000000e+00  2.57586207e+00 
 1.35000000e+00  4.35059706e+00  1.35000000e+00  4.33401656e+00  1.35000000e+00  2.60862069e+00 
 1.40000000e+00  4.44003510e+00  1.40000000e+00  4.42573812e+00  1.40000000e+00  2.64137931e+00 
 1.45000000e+00  4.52947314e+00  1.45000000e+00  4.51745969e+00  1.45000000e+00  2.67413793e+00 
 1.50000000e+00  4.61891119e+00  1.50000000e+00  4.60918126e+00  1.50000000e+00  2.70689655e+00 
 1.55000000e+00  4.70834923e+00  1.55000000e+00  4.70090283e+00  1.55000000e+00  2.73965517e+00 
 1.60000000e+00  4.79778728e+00  1.60000000e+00  4.79262440e+00  1.60000000e+00  2.77241379e+00 
 1.65000000e+00  4.88722532e+00  1.65000000e+00  4.88434597e+00  1.65000000e+00  2.80517241e+00 
 1.70000000e+00  4.97666336e+00  1.70000000e+00  4.97606753e+00  1.70000000e+00  2.83793103e+00 
 1.75000000e+00  5.06610141e+00  1.75000000e+00  5.06778910e+00  1.75000000e+00  2.87068966e+00 
 1.80000000e+00  5.15553945e+00  1.80000000e+00  5.15951067e+00  1.80000000e+00  2.90344828e+00 
 1.85000000e+00  5.24497749e+00  1.85000000e+00  5.25123224e+00  1.85000000e+00  2.93620690e+00 
 1.90000000e+00  5.33441554e+00  1.90000000e+00  5.34295381e+00  1.90000000e+00  2.96896552e+00 
 1.95000000e+00  5.42385358e+00  1.95000000e+00  5.43467537e+00  1.95000000e+00  3.00172414e+00 
 2.00000000e+00  5.51329163e+00  2.00000000e+00  5.52639694e+00  2.00000000e+00  3.03448276e+00 
 2.05000000e+00  5.60272967e+00  2.05000000e+00  5.61811851e+00  2.05000000e+00  3.06724138e+00 
 2.10000000e+00  5.69216771e+00  2.10000000e+00  5.70984008e+00  2.10000000e+00  3.10000000e+00 
 2.15000000e+00  5.78160576e+00  2.15000000e+00  5.80156165e+00  2.15000000e+00  3.13275862e+00 
 2.20000000e+00  5.87104380e+00  2.20000000e+00  5.89328322e+00  2.20000000e+00  3.16551724e+00 
 2.25000000e+00  5.96048184e+00  2.25000000e+00  5.98500478e+00  2.25000000e+00  3.19827586e+00 
 2.30000000e+00  6.04991989e+00  2.30000000e+00  6.07672635e+00  2.30000000e+00  3.23103448e+00 
 2.35000000e+00  6.13935793e+00  2.35000000e+00  6.16844792e+00  2.35000000e+00  3.26379310e+00 
 2.40000000e+00  6.22879598e+00  2.40000000e+00  6.26016949e+00  2.40000000e+00  3.29655172e+00 
 2.45000000e+00  6.31823402e+00  2.45000000e+00  6.35189106e+00  2.45000000e+00  3.32931034e+00 
 2.50000000e+00  6.40767206e+00  2.50000000e+00  6.44361263e+00  2.50000000e+00  3.36206897e+00 
 2.55000000e+00  6.49711011e+00  2.55000000e+00  6.53533419e+00  2.55000000e+00  3.39482759e+00 
 2.60000000e+00  6.58654815e+00  2.60000000e+00  6.62705576e+00  2.60000000e+00  3.42758621e+00 
 2.65000000e+00  6.67598619e+00  2.65000000e+00  6.71877733e+00  2.65000000e+00  3.46034483e+00 
 2.70000000e+00  6.76542424e+00  2.70000000e+00  6.81049890e+00  2.70000000e+00  3.49310345e+00 
 2.75000000e+00  6.85486228e+00  2.75000000e+00  6.90222047e+00  2.75000000e+00  3.52586207e+00 
 2.80000000e+00  6.94430033e+00  2.80000000e+00  6.99394204e+00  2.80000000e+00  3.55862069e+00 
 2.85000000e+00  7.03373837e+00  2.85000000e+00  7.08566360e+00  2.85000000e+00  3.59137931e+00 
 2.90000000e+00  7.12317641e+00  2.90000000e+00  7.17738517e+00  2.90000000e+00  3.62413793e+00 
 2.95000000e+00  7.21261446e+00  2.95000000e+00  7.26910674e+00  2.95000000e+00  3.65689655e+00 
 3.00000000e+00  7.30205250e+00  3.00000000e+00  7.36082831e+00  3.00000000e+00  3.68965517e+00 
 3.05000000e+00  7.39149054e+00  3.05000000e+00  7.45254988e+00  3.05000000e+00  3.72241379e+00 
 3.10000000e+00  7.43521774e+00  3.10000000e+00  7.49739351e+00  3.10000000e+00  3.75517241e+00 
 3.15000000e+00  7.43521774e+00  3.15000000e+00  7.49739351e+00  3.15000000e+00  3.78793103e+00 
 3.20000000e+00  7.43521774e+00  3.20000000e+00  7.49739351e+00  3.20000000e+00  3.82068966e+00 
 3.25000000e+00  7.43521774e+00  3.25000000e+00  7.49739351e+00  3.25000000e+00  3.85344828e+00 
 3.30000000e+00  7.43521774e+00  3.30000000e+00  7.49739351e+00  3.30000000e+00  3.88620690e+00 
