 0.00000000e+00  3.06668550e+00  0.00000000e+00  2.01215031e+00  0.00000000e+00  1.77935943e+00 
 5.00000000e-02  3.12503429e+00  5.00000000e-02  2.10232571e+00  5.00000000e-02  1.81156584e+00 
 1.00000000e-01  3.18338308e+00  1.00000000e-01  2.19250112e+00  1.00000000e-01  1.84377224e+00 
 1.50000000e-01  3.24173187e+00  1.50000000e-01  2.28267652e+00  1.50000000e-01  1.87597865e+00 
 2.00000000e-01  3.30008066e+00  2.00000000e-01  2.37285193e+00  2.00000000e-01  1.90818505e+00 
 2.50000000e-01  3.35842945e+00  2.50000000e-01  2.46302733e+00  2.50000000e-01  1.94039146e+00 
 3.00000000e-01  3.41677824e+00  3.00000000e-01  2.55320273e+00  3.00000000e-01  1.97259786e+00 
 3.50000000e-01  3.47512703e+00  3.50000000e-01  2.64337814e+00  3.50000000e-01  2.00480427e+00 
 4.00000000e-01  3.53347582e+00  4.00000000e-01  2.73355354e+00  4.00000000e-01  2.03701068e+00 
 4.50000000e-01  3.59182461e+00  4.50000000e-01  2.82372894e+00  4.50000000e-01  2.06921708e+00 
 5.00000000e-01  3.65017340e+00  5.00000000e-01  2.91390435e+00  5.00000000e-01  2.10142349e+00 
 5.50000000e-01  3.70852219e+00  5.50000000e-01  3.00407975e+00  5.50000000e-01  2.13362989e+00 
 6.00000000e-01  3.76687098e+00  6.00000000e-01  3.09425515e+00  6.00000000e-01  2.16583630e+00 
 6.50000000e-01  3.82521977e+00  6.50000000e-01  3.18443056e+00  6.50000000e-01  2.19804270e+00 
 7.00000000e-01  3.88356856e+00  7.00000000e-01  3.27460596e+00  7.00000000e-01  2.23024911e+00 
 7.50000000e-01  3.94191735e+00  7.50000000e-01  3.36478136e+00  7.50000000e-01  2.26245552e+00 
 8.00000000e-01  4.00026614e+00  8.00000000e-01  3.45495677e+00  8.00000000e-01  2.29466192e+00 
 8.50000000e-01  4.05861493e+00  8.50000000e-01  3.54513217e+00  8.50000000e-01  2.32686833e+00 
 9.00000000e-01  4.11696372e+00  9.00000000e-01  3.63530757e+00  9.00000000e-01  2.35907473e+00 
 9.50000000e-01  4.17531252e+00  9.50000000e-01  3.72548298e+00  9.50000000e-01  2.39128114e+00 
 1.00000000e+00  4.23366131e+00  1.00000000e+00  3.81565838e+00  1.00000000e+00  2.42348754e+00 
 1.05000000e+00  4.29201010e+00  1.05000000e+00  3.90583378e+00  1.05000000e+00  2.45569395e+00 
 1.10000000e+00  4.35035889e+00  1.10000000e+00  3.99600919e+00  1.10000000e+00  2.48790036e+00 
 1.15000000e+00  4.40870768e+00  1.15000000e+00  4.08618459e+00  1.15000000e+00  2.52010676e+00 
 1.20000000e+00  4.46705647e+00  1.20000000e+00  4.17636000e+00  1.20000000e+00  2.55231317e+00 
 1.25000000e+00  4.52540526e+00  1.25000000e+00  4.26653540e+00  1.25000000e+00  2.58451957e+00 
 1.30000000e+00  4.58375405e+00  1.30000000e+00  4.35671080e+00  1.30000000e+00  2.61672598e+00 
 1.35000000e+00  4.64210284e+00  1.35000000e+00  4.44688621e+00  1.35000000e+00  2.64893238e+00 
 1.40000000e+00  4.70045163e+00  1.40000000e+00  4.53706161e+00  1.40000000e+00  2.68113879e+00 
 1.45000000e+00  4.75880042e+00  1.45000000e+00  4.62723701e+00  1.45000000e+00  2.71334520e+00 
 1.50000000e+00  4.81714921e+00  1.50000000e+00  4.71741242e+00  1.50000000e+00  2.74555160e+00 
 1.55000000e+00  4.87549800e+00  1.55000000e+00  4.80758782e+00  1.55000000e+00  2.77775801e+00 
 1.60000000e+00  4.93384679e+00  1.60000000e+00  4.89776322e+00  1.60000000e+00  2.80996441e+00 
 1.65000000e+00  4.99219558e+00  1.65000000e+00  4.98793863e+00  1.65000000e+00  2.84217082e+00 
 1.70000000e+00  5.05054437e+00  1.70000000e+00  5.07811403e+00  1.70000000e+00  2.87437722e+00 
 1.75000000e+00  5.10889316e+00  1.75000000e+00  5.16828943e+00  1.75000000e+00  2.90658363e+00 
 1.80000000e+00  5.16724195e+00  1.80000000e+00  5.25846484e+00  1.80000000e+00  2.93879004e+00 
 1.85000000e+00  5.22559074e+00  1.85000000e+00  5.34864024e+00  1.85000000e+00  2.97099644e+00 
 1.90000000e+00  5.28393953e+00  1.90000000e+00  5.43881564e+00  1.90000000e+00  3.00320285e+00 
 1.95000000e+00  5.34228833e+00  1.95000000e+00  5.52899105e+00  1.95000000e+00  3.03540925e+00 
 2.00000000e+00  5.40063712e+00  2.00000000e+00  5.61916645e+00  2.00000000e+00  3.06761566e+00 
 2.05000000e+00  5.45898591e+00  2.05000000e+00  5.70934186e+00  2.05000000e+00  3.09982206e+00 
 2.10000000e+00  5.51733470e+00  2.10000000e+00  5.79951726e+00  2.10000000e+00  3.13202847e+00 
 2.15000000e+00  5.57568349e+00  2.15000000e+00  5.88969266e+00  2.15000000e+00  3.16423488e+00 
 2.20000000e+00  5.63403228e+00  2.20000000e+00  5.97986807e+00  2.20000000e+00  3.19644128e+00 
 2.25000000e+00  5.69238107e+00  2.25000000e+00  6.07004347e+00  2.25000000e+00  3.22864769e+00 
 2.30000000e+00  5.75072986e+00  2.30000000e+00  6.16021887e+00  2.30000000e+00  3.26085409e+00 
 2.35000000e+00  5.80907865e+00  2.35000000e+00  6.25039428e+00  2.35000000e+00  3.29306050e+00 
 2.40000000e+00  5.86742744e+00  2.40000000e+00  6.34056968e+00  2.40000000e+00  3.32526690e+00 
 2.45000000e+00  5.92577623e+00  2.45000000e+00  6.43074508e+00  2.45000000e+00  3.35747331e+00 
 2.50000000e+00  5.98412502e+00  2.50000000e+00  6.52092049e+00  2.50000000e+00  3.38967972e+00 
 2.55000000e+00  6.04247381e+00  2.55000000e+00  6.61109589e+00  2.55000000e+00  3.42188612e+00 
 2.60000000e+00  6.10082260e+00  2.60000000e+00  6.70127129e+00  2.60000000e+00  3.45409253e+00 
 2.65000000e+00  6.15917139e+00  2.65000000e+00  6.79144670e+00  2.65000000e+00  3.48629893e+00 
 2.70000000e+00  6.21752018e+00  2.70000000e+00  6.88162210e+00  2.70000000e+00  3.51850534e+00 
 2.75000000e+00  6.27586897e+00  2.75000000e+00  6.97179750e+00  2.75000000e+00  3.55071174e+00 
 2.80000000e+00  6.33421776e+00  2.80000000e+00  7.06197291e+00  2.80000000e+00  3.58291815e+00 
 2.85000000e+00  6.39256655e+00  2.85000000e+00  7.15214831e+00  2.85000000e+00  3.61512456e+00 
 2.90000000e+00  6.45091535e+00  2.90000000e+00  7.24232372e+00  2.90000000e+00  3.64733096e+00 
 2.95000000e+00  6.50926414e+00  2.95000000e+00  7.33249912e+00  2.95000000e+00  3.67953737e+00 
 3.00000000e+00  6.56761293e+00  3.00000000e+00  7.42267452e+00  3.00000000e+00  3.71174377e+00 
 3.05000000e+00  6.61276861e+00  3.05000000e+00  7.49246057e+00  3.05000000e+00  3.74395018e+00 
 3.10000000e+00  6.61276861e+00  3.10000000e+00  7.49246057e+00  3.10000000e+00  3.77615658e+00 
 3.15000000e+00  6.61276861e+00  3.15000000e+00  7.49246057e+00  3.15000000e+00  3.80836299e+00 
 3.20000000e+00  6.61276861e+00  3.20000000e+00  7.49246057e+00  3.20000000e+00  3.84056940e+00 
 3.25000000e+00  6.61276861e+00  3.25000000e+00  7.49246057e+00  3.25000000e+00  3.87277580e+00 
 3.30000000e+00  6.61276861e+00  3.30000000e+00  7.49246057e+00  3.30000000e+00  3.90498221e+00 
