 8.40000000e+00  4.98923092e+00  8.40000000e+00  4.98793863e+00 
 8.50000000e+00  4.98923091e+00  8.50000000e+00  4.98793862e+00 
 8.60000000e+00  4.98923091e+00  8.60000000e+00  4.98793862e+00 
 8.70000000e+00  4.98923091e+00  8.70000000e+00  4.98793862e+00 
 8.80000000e+00  4.98923091e+00  8.80000000e+00  4.98793862e+00 
 8.90000000e+00  4.98923091e+00  8.90000000e+00  4.98793862e+00 
 9.00000000e+00  4.98923091e+00  9.00000000e+00  4.98793862e+00 
 9.10000000e+00  4.98923091e+00  9.10000000e+00  4.98793862e+00 
 9.20000000e+00  4.98923091e+00  9.20000000e+00  4.98793862e+00 
 9.30000000e+00  4.98923091e+00  9.30000000e+00  4.98793862e+00 
 9.40000000e+00  4.98923091e+00  9.40000000e+00  4.98793862e+00 
 9.50000000e+00  4.98923091e+00  9.50000000e+00  4.98793862e+00 
 9.60000000e+00  4.98923091e+00  9.60000000e+00  4.98793862e+00 
