 8.40000000e+00  4.28065134e+00  8.40000000e+00  4.19432951e+00 
 8.50000000e+00  4.30337821e+00  8.50000000e+00  4.21978360e+00 
 8.60000000e+00  4.32610510e+00  8.60000000e+00  4.24523772e+00 
 8.70000000e+00  4.34883199e+00  8.70000000e+00  4.27069184e+00 
 8.80000000e+00  4.37155888e+00  8.80000000e+00  4.29614596e+00 
 8.90000000e+00  4.39428577e+00  8.90000000e+00  4.32160007e+00 
 9.00000000e+00  4.41701266e+00  9.00000000e+00  4.34705419e+00 
 9.10000000e+00  4.43973955e+00  9.10000000e+00  4.37250831e+00 
 9.20000000e+00  4.46246644e+00  9.20000000e+00  4.39796242e+00 
 9.30000000e+00  4.48519333e+00  9.30000000e+00  4.42341654e+00 
 9.40000000e+00  4.50792023e+00  9.40000000e+00  4.44887066e+00 
 9.50000000e+00  4.53064712e+00  9.50000000e+00  4.47432477e+00 
 9.60000000e+00  4.55337401e+00  9.60000000e+00  4.49977889e+00 
