 0.00000000e+00  2.33227691e+00  0.00000000e+00  2.01215014e+00  0.00000000e+00  1.77935943e+00 
 5.00000000e-02  2.41279067e+00  5.00000000e-02  2.10232555e+00  5.00000000e-02  1.81156584e+00 
 1.00000000e-01  2.49330443e+00  1.00000000e-01  2.19250096e+00  1.00000000e-01  1.84377224e+00 
 1.50000000e-01  2.57381818e+00  1.50000000e-01  2.28267637e+00  1.50000000e-01  1.87597865e+00 
 2.00000000e-01  2.65433194e+00  2.00000000e-01  2.37285177e+00  2.00000000e-01  1.90818505e+00 
 2.50000000e-01  2.73484570e+00  2.50000000e-01  2.46302718e+00  2.50000000e-01  1.94039146e+00 
 3.00000000e-01  2.81535946e+00  3.00000000e-01  2.55320259e+00  3.00000000e-01  1.97259786e+00 
 3.50000000e-01  2.89587321e+00  3.50000000e-01  2.64337800e+00  3.50000000e-01  2.00480427e+00 
 4.00000000e-01  2.97638697e+00  4.00000000e-01  2.73355341e+00  4.00000000e-01  2.03701068e+00 
 4.50000000e-01  3.05690073e+00  4.50000000e-01  2.82372882e+00  4.50000000e-01  2.06921708e+00 
 5.00000000e-01  3.13741449e+00  5.00000000e-01  2.91390423e+00  5.00000000e-01  2.10142349e+00 
 5.50000000e-01  3.21792825e+00  5.50000000e-01  3.00407964e+00  5.50000000e-01  2.13362989e+00 
 6.00000000e-01  3.29844200e+00  6.00000000e-01  3.09425504e+00  6.00000000e-01  2.16583630e+00 
 6.50000000e-01  3.37895576e+00  6.50000000e-01  3.18443045e+00  6.50000000e-01  2.19804270e+00 
 7.00000000e-01  3.45946952e+00  7.00000000e-01  3.27460586e+00  7.00000000e-01  2.23024911e+00 
 7.50000000e-01  3.53998328e+00  7.50000000e-01  3.36478127e+00  7.50000000e-01  2.26245552e+00 
 8.00000000e-01  3.62049703e+00  8.00000000e-01  3.45495668e+00  8.00000000e-01  2.29466192e+00 
 8.50000000e-01  3.70101079e+00  8.50000000e-01  3.54513209e+00  8.50000000e-01  2.32686833e+00 
 9.00000000e-01  3.78152455e+00  9.00000000e-01  3.63530750e+00  9.00000000e-01  2.35907473e+00 
 9.50000000e-01  3.86203831e+00  9.50000000e-01  3.72548290e+00  9.50000000e-01  2.39128114e+00 
 1.00000000e+00  3.94255207e+00  1.00000000e+00  3.81565831e+00  1.00000000e+00  2.42348754e+00 
 1.05000000e+00  4.02306582e+00  1.05000000e+00  3.90583372e+00  1.05000000e+00  2.45569395e+00 
 1.10000000e+00  4.10357958e+00  1.10000000e+00  3.99600913e+00  1.10000000e+00  2.48790036e+00 
 1.15000000e+00  4.18409334e+00  1.15000000e+00  4.08618454e+00  1.15000000e+00  2.52010676e+00 
 1.20000000e+00  4.26460710e+00  1.20000000e+00  4.17635995e+00  1.20000000e+00  2.55231317e+00 
 1.25000000e+00  4.34512085e+00  1.25000000e+00  4.26653536e+00  1.25000000e+00  2.58451957e+00 
 1.30000000e+00  4.42563461e+00  1.30000000e+00  4.35671077e+00  1.30000000e+00  2.61672598e+00 
 1.35000000e+00  4.50614837e+00  1.35000000e+00  4.44688617e+00  1.35000000e+00  2.64893238e+00 
 1.40000000e+00  4.58666213e+00  1.40000000e+00  4.53706158e+00  1.40000000e+00  2.68113879e+00 
 1.45000000e+00  4.66717589e+00  1.45000000e+00  4.62723699e+00  1.45000000e+00  2.71334520e+00 
 1.50000000e+00  4.74768964e+00  1.50000000e+00  4.71741240e+00  1.50000000e+00  2.74555160e+00 
 1.55000000e+00  4.82820340e+00  1.55000000e+00  4.80758781e+00  1.55000000e+00  2.77775801e+00 
 1.60000000e+00  4.90871716e+00  1.60000000e+00  4.89776322e+00  1.60000000e+00  2.80996441e+00 
 1.65000000e+00  4.98923092e+00  1.65000000e+00  4.98793863e+00  1.65000000e+00  2.84217082e+00 
 1.70000000e+00  5.06974467e+00  1.70000000e+00  5.07811404e+00  1.70000000e+00  2.87437722e+00 
 1.75000000e+00  5.15025843e+00  1.75000000e+00  5.16828944e+00  1.75000000e+00  2.90658363e+00 
 1.80000000e+00  5.23077219e+00  1.80000000e+00  5.25846485e+00  1.80000000e+00  2.93879004e+00 
 1.85000000e+00  5.31128595e+00  1.85000000e+00  5.34864026e+00  1.85000000e+00  2.97099644e+00 
 1.90000000e+00  5.39179971e+00  1.90000000e+00  5.43881567e+00  1.90000000e+00  3.00320285e+00 
 1.95000000e+00  5.47231346e+00  1.95000000e+00  5.52899108e+00  1.95000000e+00  3.03540925e+00 
 2.00000000e+00  5.55282722e+00  2.00000000e+00  5.61916649e+00  2.00000000e+00  3.06761566e+00 
 2.05000000e+00  5.63334098e+00  2.05000000e+00  5.70934190e+00  2.05000000e+00  3.09982206e+00 
 2.10000000e+00  5.71385474e+00  2.10000000e+00  5.79951730e+00  2.10000000e+00  3.13202847e+00 
 2.15000000e+00  5.79436849e+00  2.15000000e+00  5.88969271e+00  2.15000000e+00  3.16423488e+00 
 2.20000000e+00  5.87488225e+00  2.20000000e+00  5.97986812e+00  2.20000000e+00  3.19644128e+00 
 2.25000000e+00  5.95539601e+00  2.25000000e+00  6.07004353e+00  2.25000000e+00  3.22864769e+00 
 2.30000000e+00  6.03590977e+00  2.30000000e+00  6.16021894e+00  2.30000000e+00  3.26085409e+00 
 2.35000000e+00  6.11642353e+00  2.35000000e+00  6.25039435e+00  2.35000000e+00  3.29306050e+00 
 2.40000000e+00  6.19693728e+00  2.40000000e+00  6.34056976e+00  2.40000000e+00  3.32526690e+00 
 2.45000000e+00  6.27745104e+00  2.45000000e+00  6.43074517e+00  2.45000000e+00  3.35747331e+00 
 2.50000000e+00  6.35796480e+00  2.50000000e+00  6.52092057e+00  2.50000000e+00  3.38967972e+00 
 2.55000000e+00  6.43847856e+00  2.55000000e+00  6.61109598e+00  2.55000000e+00  3.42188612e+00 
 2.60000000e+00  6.51899231e+00  2.60000000e+00  6.70127139e+00  2.60000000e+00  3.45409253e+00 
 2.65000000e+00  6.59950607e+00  2.65000000e+00  6.79144680e+00  2.65000000e+00  3.48629893e+00 
 2.70000000e+00  6.68001983e+00  2.70000000e+00  6.88162221e+00  2.70000000e+00  3.51850534e+00 
 2.75000000e+00  6.76053359e+00  2.75000000e+00  6.97179762e+00  2.75000000e+00  3.55071174e+00 
 2.80000000e+00  6.84104734e+00  2.80000000e+00  7.06197303e+00  2.80000000e+00  3.58291815e+00 
 2.85000000e+00  6.92156110e+00  2.85000000e+00  7.15214843e+00  2.85000000e+00  3.61512456e+00 
 2.90000000e+00  7.00207486e+00  2.90000000e+00  7.24232384e+00  2.90000000e+00  3.64733096e+00 
 2.95000000e+00  7.08258862e+00  2.95000000e+00  7.33249925e+00  2.95000000e+00  3.67953737e+00 
 3.00000000e+00  7.16310238e+00  3.00000000e+00  7.42267466e+00  3.00000000e+00  3.71174377e+00 
 3.05000000e+00  7.22996535e+00  3.05000000e+00  7.49756119e+00  3.05000000e+00  3.74395018e+00 
 3.10000000e+00  7.22996535e+00  3.10000000e+00  7.49756119e+00  3.10000000e+00  3.77615658e+00 
 3.15000000e+00  7.22996535e+00  3.15000000e+00  7.49756119e+00  3.15000000e+00  3.80836299e+00 
 3.20000000e+00  7.22996535e+00  3.20000000e+00  7.49756119e+00  3.20000000e+00  3.84056940e+00 
 3.25000000e+00  7.22996535e+00  3.25000000e+00  7.49756119e+00  3.25000000e+00  3.87277580e+00 
 3.30000000e+00  7.22996535e+00  3.30000000e+00  7.49756119e+00  3.30000000e+00  3.90498221e+00 
